0.8054579843285599
0.7869615832363213
0.8015616585891222
0.7968662562954673
0.8000528960592436
0.7993697478991597
0.8025252525252525
0.799839871897518
0.7920377160817181
0.7989471045374781
0.8047710446942693
0.8099705172875905
0.7979387035530241
0.8010512483574245
0.7982123510292525
0.8026246719160105
0.7998261877172653
0.7884187082405345
0.8063818280151434
0.8048648648648649
0.807167691896229
0.796875
0.7985389154256813
0.79532481652623
0.8033540708682716
0.7910576096302665
0.808417600437278
0.7937033968516984
0.8030182684670373
0.7892247043363995
0.8
0.8177271464295638
0.7902536335138216
0.8049825877310474
0.7946236559139785
0.7828016643550624
0.804929208180388
0.8014831717056474
0.7989746357258499
0.7964118564742589
0.8102269619907028
0.8045825651830393
0.7964796479647965
0.8122886133032694
0.7871193748315818
0.7954666666666667
0.7993245144947931
0.7966723068245911
0.8063175394846218
0.7914917436328016
