0.8009530791788856
0.7949189985272459
0.7817719680464779
0.7893577981651376
0.7923760177646189
0.8078571428571428
0.7867857142857143
0.8143994211287988
0.8066442702500933
0.8013245033112583
0.8087371512481645
0.8056957462148522
0.7943859649122808
0.8005152741994848
0.8027162258756254
0.8120085775553967
0.8014285714285714
0.7981049562682215
0.8052273540995345
0.8143009605122732
0.8019872249822569
0.8050696179935737
0.8117229129662522
0.803616636528029
0.8036876355748374
0.7928952042628774
0.798087141339001
0.8065225357273726
0.7961850936064995
0.7960381511371973
0.8085642317380353
0.7935341660543718
0.7984637893196781
0.8029645697758496
0.7905701754385965
0.7979724837074583
0.793939393939394
0.7946103423160962
0.7992467043314501
0.8078853046594983
0.8037615330021292
0.7931890741397659
0.8037749287749287
0.7977967306325515
0.8020870816840591
0.7975326560232221
0.7949640287769785
0.7986186841148674
0.7964476021314387
0.8088920760129078
0.8011404133998574
0.7809488510007413
0.7909663865546218
0.7983405483405484
0.8027065527065527
0.804
0.8157610651313422
0.7994154183412495
0.798469387755102
0.8027136046938027
