0.8985401459854014
0.8470254957507082
0.8637339055793991
0.8184679958027282
0.8737249384453043
0.792203147353362
0.7637961335676625
0.8147208121827412
0.7537102473498233
0.8146802325581395
0.8181818181818182
0.8292859731786879
0.7934306569343066
0.8002878733357323
0.8089807555238774
0.8495145631067961
0.829020979020979
0.7926167209554832
0.7577092511013216
0.74945295404814
0.8736616702355461
0.7662291592763392
0.8097122302158274
0.8507194244604317
0.826497277676951
0.8170865279299014
0.7702127659574468
0.7842920353982301
0.7896854425749817
0.8279454022988506
0.870990990990991
0.8726364609347128
0.7514347202295553
0.8048870788596816
0.8383167220376523
0.8198689956331878
0.8329802259887006
0.8764684941260235
0.8574080950612699
0.8546947518743306
0.8137181409295352
0.8515456506110711
0.8190899001109878
0.8446494464944649
0.8297180043383948
0.7985637342908438
0.8009226401703335
0.7722878625134264
0.7898111863199145
0.836582772066643
